MEME version 4

ALPHABET= ACGT

strands: + -

Background letter frequencies
A 0.25 C 0.25 G 0.25 T 0.25

MOTIF Filter_6 AGGGCGCCCCCGAGA
letter-probability matrix: alength= 4 w= 15 nsites= 20 E= 0
0.302621 0.236456 0.225974 0.234949
0.190394 0.241007 0.312297 0.256302
0.281704 0.215628 0.287412 0.215256
0.188338 0.260792 0.281353 0.269517
0.222150 0.276753 0.259600 0.241497
0.231116 0.248253 0.276524 0.244106
0.245392 0.272546 0.230167 0.251894
0.252550 0.282783 0.251915 0.212751
0.257640 0.268260 0.228818 0.245282
0.245561 0.269686 0.233645 0.251107
0.260486 0.268529 0.250543 0.220442
0.248289 0.225318 0.263473 0.262920
0.259484 0.251421 0.240688 0.248406
0.247363 0.254016 0.277544 0.221078
0.265143 0.253132 0.221917 0.259808

MOTIF Filter_26 ACTTAATGGGGCGCT
letter-probability matrix: alength= 4 w= 15 nsites= 20 E= 0
0.289589 0.280492 0.226930 0.202988
0.231853 0.291909 0.244547 0.231691
0.253835 0.237976 0.242067 0.266122
0.208767 0.265873 0.254523 0.270837
0.260977 0.256443 0.227575 0.255005
0.260853 0.246053 0.250967 0.242127
0.242149 0.251063 0.249062 0.257726
0.254709 0.229042 0.267091 0.249157
0.244713 0.231906 0.269097 0.254284
0.230095 0.225292 0.285589 0.259024
0.220533 0.212217 0.306922 0.260328
0.247148 0.285237 0.216345 0.251270
0.261496 0.209333 0.278319 0.250851
0.232058 0.284750 0.253899 0.229292
0.219604 0.246058 0.233589 0.300749

MOTIF Filter_31 CAACGCCCCCTAGAG
letter-probability matrix: alength= 4 w= 15 nsites= 20 E= 0
0.225411 0.263672 0.248745 0.262173
0.272328 0.249205 0.249430 0.229037
0.257695 0.243665 0.256311 0.242329
0.220133 0.278714 0.229735 0.271417
0.226198 0.238779 0.273362 0.261661
0.266690 0.277411 0.236655 0.219243
0.236640 0.289623 0.221123 0.252614
0.245430 0.267337 0.258958 0.228274
0.262988 0.274061 0.230502 0.232449
0.219864 0.283907 0.258416 0.237812
0.241682 0.250356 0.232025 0.275937
0.284701 0.222506 0.235985 0.256808
0.229136 0.260135 0.280433 0.230297
0.303442 0.250279 0.214264 0.232014
0.188156 0.216979 0.344796 0.250070

