MEME version 4

ALPHABET= ACGT

strands: + -

Background letter frequencies
A 0.25 C 0.25 G 0.25 T 0.25

MOTIF Filter_0 rank6_diff0.01_fc1.00x TCCGCCGGAGAATTA
letter-probability matrix: alength= 4 w= 15 nsites= 20 E= 0
0.232450 0.268887 0.228841 0.269822
0.244330 0.265511 0.246789 0.243370
0.246463 0.259654 0.252885 0.240998
0.231354 0.269013 0.269446 0.230187
0.236160 0.279706 0.269686 0.214448
0.229042 0.276066 0.244611 0.250280
0.229691 0.263985 0.266518 0.239806
0.218373 0.255583 0.265010 0.261034
0.269871 0.239775 0.241866 0.248488
0.231410 0.234848 0.275613 0.258129
0.289882 0.215818 0.232184 0.262116
0.306618 0.229095 0.214383 0.249903
0.258648 0.230364 0.213769 0.297219
0.248792 0.235349 0.212385 0.303474
0.266942 0.235500 0.259019 0.238540

MOTIF Filter_6 rank1_diff0.04_fc1.02x AGGGCGCCCCCGAGA
letter-probability matrix: alength= 4 w= 15 nsites= 20 E= 0
0.302621 0.236456 0.225974 0.234949
0.190394 0.241007 0.312297 0.256302
0.281704 0.215628 0.287412 0.215256
0.188338 0.260792 0.281353 0.269517
0.222150 0.276753 0.259600 0.241497
0.231116 0.248253 0.276524 0.244106
0.245392 0.272546 0.230167 0.251894
0.252550 0.282783 0.251915 0.212751
0.257640 0.268260 0.228818 0.245282
0.245561 0.269686 0.233645 0.251107
0.260486 0.268529 0.250543 0.220442
0.248289 0.225318 0.263473 0.262920
0.259484 0.251421 0.240688 0.248406
0.247363 0.254016 0.277544 0.221078
0.265143 0.253132 0.221917 0.259808

MOTIF Filter_10 rank10_diff0.00_fc1.00x CCCCCTATCGCGCCC
letter-probability matrix: alength= 4 w= 15 nsites= 20 E= 0
0.249861 0.273231 0.222588 0.254320
0.223425 0.306184 0.251718 0.218673
0.237497 0.304319 0.232619 0.225565
0.253998 0.274024 0.252165 0.219812
0.255574 0.280642 0.252673 0.211111
0.240244 0.269854 0.191882 0.298021
0.284291 0.255513 0.245541 0.214655
0.216407 0.251222 0.258087 0.274285
0.231619 0.256979 0.256167 0.255236
0.259242 0.248953 0.278793 0.213012
0.249024 0.262534 0.250423 0.238018
0.250759 0.250912 0.272856 0.225472
0.244525 0.260798 0.255047 0.239629
0.249068 0.268932 0.225479 0.256521
0.234978 0.260540 0.255684 0.248798

MOTIF Filter_19 rank7_diff0.01_fc1.00x CAACTATATTGCGAC
letter-probability matrix: alength= 4 w= 15 nsites= 20 E= 0
0.224158 0.334097 0.225639 0.216106
0.302200 0.267549 0.238621 0.191631
0.286455 0.215766 0.224085 0.273694
0.246443 0.253339 0.252242 0.247976
0.237661 0.244937 0.242407 0.274996
0.262764 0.248549 0.244906 0.243781
0.239560 0.247093 0.245149 0.268199
0.265179 0.249258 0.236733 0.248829
0.250400 0.236700 0.253111 0.259790
0.240534 0.240546 0.256797 0.262123
0.224335 0.251363 0.274157 0.250145
0.252201 0.287658 0.224016 0.236124
0.262311 0.213796 0.286617 0.237276
0.270320 0.266443 0.234836 0.228402
0.235427 0.268724 0.233134 0.262715

MOTIF Filter_26 rank2_diff0.02_fc1.01x ACTTAATGGGGCGCT
letter-probability matrix: alength= 4 w= 15 nsites= 20 E= 0
0.289589 0.280492 0.226930 0.202988
0.231853 0.291909 0.244547 0.231691
0.253835 0.237976 0.242067 0.266122
0.208767 0.265873 0.254523 0.270837
0.260977 0.256443 0.227575 0.255005
0.260853 0.246053 0.250967 0.242127
0.242149 0.251063 0.249062 0.257726
0.254709 0.229042 0.267091 0.249157
0.244713 0.231906 0.269097 0.254284
0.230095 0.225292 0.285589 0.259024
0.220533 0.212217 0.306922 0.260328
0.247148 0.285237 0.216345 0.251270
0.261496 0.209333 0.278319 0.250851
0.232058 0.284750 0.253899 0.229292
0.219604 0.246058 0.233589 0.300749

MOTIF Filter_31 rank3_diff0.01_fc1.00x CAACGCCCCCTAGAG
letter-probability matrix: alength= 4 w= 15 nsites= 20 E= 0
0.225411 0.263672 0.248745 0.262173
0.272328 0.249205 0.249430 0.229037
0.257695 0.243665 0.256311 0.242329
0.220133 0.278714 0.229735 0.271417
0.226198 0.238779 0.273362 0.261661
0.266690 0.277411 0.236655 0.219243
0.236640 0.289623 0.221123 0.252614
0.245430 0.267337 0.258958 0.228274
0.262988 0.274061 0.230502 0.232449
0.219864 0.283907 0.258416 0.237812
0.241682 0.250356 0.232025 0.275937
0.284701 0.222506 0.235985 0.256808
0.229136 0.260135 0.280433 0.230297
0.303442 0.250279 0.214264 0.232014
0.188156 0.216979 0.344796 0.250070

MOTIF Filter_43 rank11_diff0.00_fc1.00x GGCGGCCCTTGATCG
letter-probability matrix: alength= 4 w= 15 nsites= 20 E= 0
0.231297 0.252601 0.260542 0.255559
0.247329 0.241915 0.268210 0.242547
0.258283 0.261197 0.242507 0.238013
0.245613 0.235129 0.270967 0.248291
0.240325 0.252189 0.267655 0.239832
0.224905 0.273625 0.240375 0.261095
0.247416 0.267831 0.242828 0.241925
0.248130 0.260965 0.256170 0.234734
0.254786 0.238672 0.249073 0.257468
0.237033 0.255206 0.242728 0.265033
0.261906 0.213110 0.273123 0.251861
0.283718 0.219949 0.252937 0.243396
0.225435 0.271453 0.208065 0.295047
0.199644 0.308661 0.252468 0.239226
0.267299 0.194075 0.309049 0.229576

MOTIF Filter_50 rank9_diff0.00_fc1.00x GATTCGACGAGCTTC
letter-probability matrix: alength= 4 w= 15 nsites= 20 E= 0
0.255154 0.229126 0.261155 0.254566
0.257339 0.239667 0.254200 0.248794
0.233778 0.231019 0.258166 0.277036
0.223955 0.243357 0.265788 0.266899
0.265490 0.332423 0.201835 0.200252
0.198272 0.186823 0.338203 0.276702
0.266086 0.254347 0.265716 0.213852
0.254893 0.271284 0.241217 0.232605
0.257336 0.240406 0.260743 0.241514
0.271008 0.251005 0.233320 0.244666
0.220995 0.254617 0.266659 0.257729
0.236428 0.276475 0.248104 0.238994
0.242018 0.216461 0.254380 0.287141
0.258062 0.244336 0.227435 0.270167
0.242655 0.262652 0.250388 0.244305

MOTIF Filter_63 rank8_diff0.00_fc1.00x TAGTGCACTGGCGAC
letter-probability matrix: alength= 4 w= 15 nsites= 20 E= 0
0.239718 0.271427 0.179577 0.309278
0.280297 0.181178 0.275374 0.263152
0.264424 0.210006 0.273797 0.251773
0.229327 0.235615 0.266453 0.268605
0.236546 0.257111 0.261885 0.244458
0.242493 0.262785 0.245620 0.249102
0.265441 0.232971 0.246941 0.254647
0.252161 0.258982 0.230598 0.258259
0.223520 0.236011 0.258499 0.281969
0.247577 0.250922 0.266646 0.234855
0.228640 0.240701 0.290515 0.240144
0.224877 0.287201 0.212121 0.275801
0.243073 0.222801 0.283353 0.250773
0.293371 0.285593 0.198634 0.222402
0.224205 0.312115 0.227653 0.236027

MOTIF Filter_90 rank5_diff0.01_fc1.00x CTCGGGGGCCATCTT
letter-probability matrix: alength= 4 w= 15 nsites= 20 E= 0
0.217450 0.301113 0.245227 0.236210
0.250441 0.210533 0.249814 0.289212
0.246666 0.264327 0.234026 0.254982
0.230110 0.243684 0.289760 0.236447
0.256499 0.227622 0.272887 0.242992
0.226038 0.247154 0.271610 0.255198
0.206041 0.257853 0.276379 0.259726
0.243219 0.218449 0.292831 0.245502
0.248599 0.282293 0.202283 0.266825
0.249573 0.280012 0.266820 0.203595
0.266054 0.260757 0.253068 0.220121
0.217996 0.271716 0.219379 0.290909
0.254794 0.285541 0.229604 0.230061
0.236966 0.222945 0.244301 0.295788
0.255714 0.217004 0.234199 0.293083

MOTIF Filter_115 rank4_diff0.01_fc1.00x ATGGCGCTCTATAGT
letter-probability matrix: alength= 4 w= 15 nsites= 20 E= 0
0.269117 0.242575 0.257920 0.230388
0.223778 0.255463 0.255376 0.265382
0.216226 0.249161 0.270602 0.264011
0.253267 0.224832 0.283084 0.238817
0.230081 0.302732 0.213306 0.253881
0.271537 0.230179 0.284584 0.213701
0.244942 0.305750 0.265155 0.184153
0.240462 0.264695 0.213966 0.280878
0.279727 0.284428 0.243331 0.192513
0.226133 0.246372 0.241416 0.286079
0.272737 0.266100 0.209570 0.251593
0.228492 0.241459 0.263970 0.266079
0.266270 0.244411 0.254872 0.234446
0.250404 0.254610 0.268350 0.226636
0.229796 0.269809 0.229752 0.270644

